	mH1	mH2	mH3	R11	R12	R13	R21	R22	R23	R31	R32	R33	thetahS	thetahX	thetaSX	v	vs	vx	LH	LS	LX	LHS	LHX	LSX	muHsq	muSsq	muXsq	S	STU_chisq	T	U	b_H1_WW	b_H1_ZZ	b_H1_Zgam	b_H1_bb	b_H1_cc	b_H1_gamgam	b_H1_gg	b_H1_mumu	b_H1_ss	b_H1_tautau	b_H1_tt	b_H2_H1H1	b_H2_WW	b_H2_ZZ	b_H2_Zgam	b_H2_bb	b_H2_cc	b_H2_gamgam	b_H2_gg	b_H2_mumu	b_H2_ss	b_H2_tautau	b_H2_tt	b_H3_H1H1	b_H3_H1H2	b_H3_H2H2	b_H3_WW	b_H3_ZZ	b_H3_Zgam	b_H3_bb	b_H3_cc	b_H3_gamgam	b_H3_gg	b_H3_mumu	b_H3_ss	b_H3_tautau	b_H3_tt	c_H1H1H1	c_H1H1H2	c_H1H1H3	c_H1H2H2	c_H1H2H3	c_H1H3H3	c_H2H2H2	c_H2H2H3	c_H2H3H3	c_H3H3H3	hb_H1_channel	hb_H1_ncombined	hb_H1_obsratio	hb_H1_result	hb_H2_channel	hb_H2_ncombined	hb_H2_obsratio	hb_H2_result	hb_H3_channel	hb_H3_ncombined	hb_H3_obsratio	hb_H3_result	hb_channel	hb_result	hs_chisqMass	hs_chisqMu	hs_deltaChisq	maxEV	mu_H1_WW	mu_H1_ZZ	mu_H1_bb	mu_H1_bb_VH	mu_H1_gamgam	mu_H1_tautau	mu_H2_WW	mu_H2_ZZ	mu_H2_bb	mu_H2_bb_VH	mu_H2_gamgam	mu_H2_tautau	mu_H3_WW	mu_H3_ZZ	mu_H3_bb	mu_H3_bb_VH	mu_H3_gamgam	mu_H3_tautau	w_H1	w_H2	w_H3	x_H1W	x_H1Z	x_H1_bb	x_H1_gg	x_H1_vbf	x_H1tt	x_H2W	x_H2Z	x_H2_bb	x_H2_gg	x_H2_vbf	x_H2tt	x_H3W	x_H3Z	x_H3_bb	x_H3_gg	x_H3_vbf	x_H3tt
0	30	125.09	185	0.083683976148155259	-0.37635150291882463	-0.92268983867103316	0.99635003157062751	0.015952677041469521	0.083857776529195072	-0.016840627222428628	-0.92633960206068755	0.37631281525986138	1.3520000000000008	1.1750000000000003	-0.21925815386375788	246.21965079413738	120	890	0.12824516710733241	1.0243091712436152	0.0036124883737792338	0.025528635189145582	0.0046591602644334056	-0.10858753375069412	-9803.8165393121162	27482.215199959734	-2220.8505350507962	-0.00093112655282857719	2.7198106338351384	0.00031697590780596283	1.0909485465897464e-05	7.2519297094879757e-07	1.7904764386184105e-07	0	0.86923129897173113	0.044211764573706007	0.00010802874601720018	0.017204578069405955	0.00024806600937283006	0.00037710034489337477	0.068618259044258625	0	0.078331275157394895	0.19312681437477194	0.024365388927499433	0.0014259973947454957	0.54326281856223901	0.026566617699416508	0.0021282968264220367	0.071981083966614581	0.00020685247012664873	0.00022704376309855856	0.058377810857670936	0	0.99346735529656405	0.00022767216403044575	0	0.0054030102787399493	0.00085886730817331437	1.6779926843488924e-06	2.7693187534930965e-05	1.3562722824624504e-06	5.6080281819028759e-07	8.5792107169717817e-06	1.1354837713639121e-08	1.1544085008866438e-08	3.2045875325159293e-06	0	-3.576064934768179	2.2225428579758617	-26.438694910284994	10.602147057515062	0.40251225002661783	-196.81246267159369	188.60570668361919	-4.3826046318937637	10.812095520950475	-673.9876508246532	1	1	0.3363112498510254	1	377	1	0.72539647820572628	1	801	1	1.5610090353895269e-05	1	377	1	2.1060000000002117e-25	87.777212138979422	2.0095502604794291	3.0741707524409483	0.0070048718323401154	0.007004871832340118	0.0070048718323401154	0.0070048718323401163	0.0070048718323401154	0.0070048718323401163	0.91484102245393339	0.91484102245393328	0.91484102245393306	0.91484102245393295	0.91484102245393317	0.91484102245393317	1.7890601886952554e-06	1.7890601886952554e-06	1.7890601886952558e-06	1.7890601886952552e-06	1.7890601886952554e-06	1.7890601886952554e-06	6.210015075335406e-06	0.004400162035698112	0.035786659939900052	0.35771364169133313	0.17411765377070462	0.13522808185316448	4.9742364857743517	0.065120970127010694	0.056969381318951316	1.4611788028396839	0.90377970905070748	0.48331740238802445	41.623360411282775	3.8936839739148685	0.47141992825677942	0.00011351359177923286	7.6543330720169135e-05	3.7592071431198787e-05	0.0059103641541017188	0.00071639058796837518	4.9689853115036993e-05
1	30	125.09	185	0.08368397614815537	-0.37635150291882458	-0.92268983867103316	0.97432330508972143	-0.16332228002672355	0.15498364431743922	-0.20902413567594746	-0.9119678607810775	0.35302058241313417	1.3520000000000005	1.1750000000000003	-0.4136868344852403	246.21965079413738	120	890	0.13489600346777625	1.0072671095340109	0.0034132769240861078	0.13557574198403902	-0.0010592100155446069	-0.10395185146153339	-8734.5962367702814	22555.904610001344	-1923.0964853886601	0.00046288097479134529	2.9958151002251503	-0.0010814644622075742	-4.8316100862102351e-05	7.2519297094879768e-07	1.7904764386184107e-07	0	0.86923129897173124	0.044211764573706007	0.00010802874601720019	0.017204578069405958	0.00024806600937283011	0.00037710034489337477	0.068618259044258639	0	0.0015451408394386871	0.20921661009992543	0.026395320047507564	0.0015448001972477527	0.58852317147612931	0.028779937756891118	0.0023056096521447828	0.077977977462980561	0.00022408577871901557	0.00024595925021386381	0.063241387438801908	0	0.31296524298417999	0.38984602189792872	0	0.25467419255708884	0.040483235629477692	7.9093210998465427e-05	0.0013053353243731697	6.3928723175451369e-05	2.6433783675802917e-05	0.00040438634194704128	5.3521721728284872e-07	5.4413750423756288e-07	0.00015105019243315951	0	-3.5760649347681817	-0.29327898294604848	-26.827170460158325	6.8925101590694506	-30.111631674235269	-188.82168182187934	174.83302653747154	-65.460173286804078	-78.828500709661398	-647.69902991240679	1	1	0.33631124985102634	1	377	1	0.75146945146060462	1	801	1	0.11369754691748027	1	377	1	2.1060000000001607e-25	85.545572367285331	-0.22208951121466214	3.0309715583247439	0.0070048718323401362	0.0070048718323401371	0.0070048718323401362	0.0070048718323401354	0.0070048718323401354	0.0070048718323401362	0.94772321340405574	0.94772321340405574	0.94772321340405563	0.94772321340405563	0.94772321340405552	0.94772321340405563	0.012991235129204181	0.012991235129204177	0.012991235129204179	0.012991235129204179	0.012991235129204177	0.012991235129204177	6.2100150753354221e-06	0.0038841624825299587	0.11696296516728713	0.35771364169133407	0.17411765377070509	0.13522808185316484	4.9742364857743651	0.065120970127010874	0.056969381318951469	1.397287155615218	0.86426094911039242	0.46218381838666317	39.803333283510199	3.7234283677005884	0.45080657437275795	0.017487358490354526	0.011791897722280058	0.0057912538860624427	0.91052230090940245	0.11036369155936424	0.0076549799996257677
2	30	125.09	185	0.083683976148155481	-0.37635150291882463	-0.92268983867103316	0.99580243851953321	-0.0028656570234808498	0.091483831622725609	-0.037074190140667429	-0.92647252212926756	0.37453193477305491	1.3520000000000003	1.1750000000000003	-0.23957072282533834	246.21965079413738	120	890	0.12841231163622166	1.0244680319661461	0.0035968077983649345	0.037316628681647784	0.0040192583527302941	-0.1083092336487656	-9645.3899297093358	27012.388505161369	-2191.036967997281	-0.00089609325493274791	2.7265538024661566	0.00028183120657473124	9.4210662373218409e-06	7.2519297094879757e-07	1.7904764386184105e-07	0	0.86923129897173101	0.044211764573706	0.00010802874601720017	0.017204578069405955	0.00024806600937283001	0.00037710034489337471	0.068618259044258625	0	0.062180932728851501	0.19651096325626835	0.024792342087541788	0.0014509850563711884	0.5527823783693423	0.027032142851186249	0.0021655908363084719	0.073242403921500845	0.00021047713280065444	0.0002310222365147342	0.059400761523313979	0	0.95962339876301428	0.011055584154353267	0	0.025126478456560075	0.0039941273109873367	7.8034363916462108e-06	0.00012878603668919875	6.3072888127967491e-06	2.6079905835238654e-06	3.9897268769318976e-05	5.2805208665275111e-08	5.368529547636303e-08	1.4902803334422088e-05	0	-3.5760649347681737	1.9620058817523593	-26.526449330560446	10.570445936025159	-2.8633898183766413	-196.74417655048512	188.30264224937577	-9.5563321605949003	-0.043728770929405775	-674.38659766202034	1	1	0.33631124985102717	1	377	1	0.73729645104389907	1	801	1	0.0003518459571415213	1	377	1	2.1060000000001093e-25	86.544580988049773	0.77691910954978027	3.0749631685663168	0.0070048718323401527	0.0070048718323401536	0.0070048718323401527	0.0070048718323401527	0.0070048718323401519	0.0070048718323401527	0.92984879219852357	0.92984879219852357	0.92984879219852323	0.92984879219852334	0.92984879219852312	0.92984879219852323	4.0322514236405585e-05	4.0322514236405585e-05	4.0322514236405585e-05	4.0322514236405585e-05	4.0322514236405585e-05	4.0322514236405585e-05	6.2100150753354399e-06	0.004319634042370948	0.037295132602371647	0.35771364169133502	0.17411765377070557	0.13522808185316521	4.9742364857743784	0.065120970127011041	0.056969381318951622	1.4595731191787826	0.90278654906983669	0.4827862867883897	41.577620663625389	3.889405219853094	0.47090188674484795	0.00055014185372819142	0.00037096605959593791	0.0001821893884114223	0.028644487774379786	0.0034719758214051505	0.00024082109882800099
3	30	125.09	185	0.08368397614815537	-0.37635150291882458	-0.92268983867103305	0.99190606484430888	-0.057273949824760306	0.11332278321921269	-0.095495291303355656	-0.9247049480359737	0.36851242640740678	1.3520000000000005	1.175	-0.29833616814702713	246.21965079413738	120	890	0.12959896796288081	1.0223573622616562	0.0035443569113889697	0.071242335588356881	0.0022130375070066048	-0.10722584544135781	-9246.2412448070827	25585.348246499067	-2102.5407440857421	-0.00064737147583452282	2.77471387857624	3.2318510336718954e-05	-1.1460884643363324e-06	7.2519297094879768e-07	1.7904764386184107e-07	0	0.86923129897173124	0.044211764573706007	0.00010802874601720019	0.017204578069405958	0.00024806600937283011	0.00037710034489337477	0.068618259044258639	0	0.024550468663972435	0.20439606497710136	0.025787147344300002	0.0015092065651120268	0.57496305068756848	0.028116821245621291	0.0022524862631439074	0.076181292396879319	0.00021892263413320924	0.00024029212051768136	0.061784247101650203	0	0.71012622052952168	0.14797926115497781	0	0.12159569865911	0.019328960154626765	3.7763521124720678e-05	0.00062324006668242017	3.0523146773740391e-05	1.262096627063033e-05	0.00019307664935947418	2.5554262415224519e-07	2.5980166788811589e-07	7.2119807260744747e-05	0	-3.576064934768171	1.2040820153377327	-26.718586147421579	10.006019795231955	-12.26611543997566	-195.52836871796683	186.06427043189476	-26.30977224703107	-29.777714714621567	-671.12902791220267	1	1	0.33631124985102634	1	377	1	0.7608912852338181	1	801	1	0.011302759068719208	1	377	1	2.1060000000002369e-25	85.162823489647067	-0.60483838885292585	3.0702229543418591	0.0070048718323401362	0.0070048718323401371	0.0070048718323401362	0.0070048718323401354	0.0070048718323401354	0.0070048718323401362	0.95960565328548175	0.95960565328548175	0.95960565328548153	0.95960565328548153	0.95960565328548153	0.95960565328548164	0.0012946571102807028	0.0012946571102807028	0.0012946571102807028	0.0012946571102807024	0.0012946571102807026	0.0012946571102807026	6.2100150753354221e-06	0.004120557032491738	0.051131218013390496	0.35771364169133407	0.17411765377070509	0.13522808185316484	4.9742364857743651	0.065120970127010874	0.056969381318951469	1.4481734359975038	0.89573552812098112	0.47901558791668797	41.252887564085036	3.8590278535619942	0.46722400843384021	0.00365002010211038	0.0024612444327764926	0.0012087699301304956	0.19004726777758982	0.023035479769970817	0.0015977730939351555
4	30	125.09	185	0.083683976148155481	-0.37635150291882458	-0.92268983867103305	0.98719936918216733	-0.094849465576549941	0.12822240196694906	-0.13577333177898343	-0.92160898711470085	0.36359658585725096	1.3520000000000003	1.175	-0.33903382907458102	246.21965079413738	120	890	0.13102620698623299	1.0186701714693496	0.0035021532031120056	0.094396298922751323	0.0010112897719719231	-0.10623932793281203	-9023.5226950896376	24545.889250065386	-2039.7866655126541	-0.00034822384470365537	2.8333030053822532	-0.00026778038847022557	-1.3855628048107065e-05	7.2519297094879757e-07	1.7904764386184105e-07	0	0.86923129897173101	0.044211764573706	0.00010802874601720017	0.017204578069405955	0.00024806600937283001	0.00037710034489337471	0.068618259044258625	0	0.0079589865409415844	0.20787265043759218	0.026225762547262797	0.0015348767540255639	0.58474263319843423	0.028595062017764815	0.0022907989429564019	0.077477064766753784	0.00022264630291756246	0.00024437926423327038	0.062835139227117642	0	0.53126128947814188	0.25541557989573666	0	0.18280604082926177	0.029059010459899573	5.6773388045048012e-05	0.00093697433653293523	4.5888264773253092e-05	1.8974263899266048e-05	0.00029026995391453125	3.8418082135746776e-07	3.905838350467589e-07	0.00010842436513866311	0	-3.576064934768171	0.67659217889446333	-26.797614612870795	9.206800586567546	-18.6864440606134	-193.80680250484357	183.20230703669407	-39.297674911630622	-48.641091764562255	-665.26503528732087	1	1	0.33631124985102717	1	377	1	0.76650691983184527	1	801	1	0.03437226986558773	1	377	1	2.1060000000001607e-25	85.041358966817626	-0.72630291168236738	3.0608513967753637	0.0070048718323401527	0.0070048718323401536	0.0070048718323401527	0.0070048718323401527	0.0070048718323401519	0.0070048718323401527	0.96668786701512988	0.96668786701512965	0.96668786701512965	0.96668786701512965	0.96668786701512954	0.96668786701512965	0.0039345233443281594	0.0039345233443281585	0.0039345233443281585	0.0039345233443281577	0.0039345233443281585	0.0039345233443281585	6.2100150753354399e-06	0.0040132827056607	0.068750972055290654	0.35771364169133502	0.17411765377070557	0.13522808185316521	4.9742364857743784	0.065120970127011041	0.056969381318951622	1.4344625811150475	0.88725498322639273	0.47448041757789744	40.862318077852287	3.8224917802075615	0.46280047709567318	0.0073783676483519557	0.0049753058310513546	0.0024434794048446016	0.38417284645010558	0.046565288394096287	0.003229833528555688
5	30	125.09	185	0.08368397614815537	-0.37635150291882469	-0.92268983867103316	0.95629245502038618	-0.23001346842949699	0.18055067103756739	-0.28018160647536811	-0.89747052909372738	0.34065366107104611	1.3520000000000005	1.1750000000000003	-0.48736827519301262	246.21965079413738	120	890	0.1402296436275737	0.99034609227401738	0.003312677790721997	0.17382396174772949	-0.0028950461454467563	-0.10113099431368158	-8606.2477419027236	20522.984520904	-1808.0741116660897	0.0015808057183009554	3.2285523711040636	-0.002202944124968134	-9.5812077098314112e-05	7.2519297094879768e-07	1.7904764386184107e-07	0	0.86923129897173124	0.044211764573706007	0.00010802874601720019	0.017204578069405958	0.00024806600937283011	0.00037710034489337477	0.068618259044258639	0	0.028308711446500098	0.20360856135820563	0.02568779380803252	0.0015033918463608609	0.57274781487469451	0.028008491868119569	0.0022438078128814848	0.075887778705892098	0.00021807916208956986	0.00023936631544153666	0.061546202801781962	0	0.19917997636118887	0.45799176384832374	0	0.29378472307592562	0.046700280264783733	9.123962211114561e-05	0.0015057967709320649	7.374631110487333e-05	3.0493242126619719e-05	0.00046648829350059415	6.1741097669196283e-07	6.2770115963682892e-07	0.00017424709786639838	0	-3.5760649347681923	-1.2489488662058101	-26.709804061609418	3.5765679100076198	-40.73217673943433	-181.67894291024493	162.28085193948456	-93.289941202077657	-102.21560700463897	-623.11761319072673	1	1	0.33631124985102634	1	377	1	0.70450889689128493	1	801	1	0.23623553047365914	1	377	1	2.1060000000002117e-25	90.822930378509739	5.0552685000097455	2.985994077558189	0.0070048718323401362	0.0070048718323401371	0.0070048718323401362	0.0070048718323401354	0.0070048718323401354	0.0070048718323401362	0.88849844040341275	0.88849844040341264	0.88849844040341264	0.88849844040341242	0.88849844040341242	0.88849844040341242	0.026926573000540025	0.026926573000540025	0.026926573000540029	0.026926573000540032	0.026926573000540025	0.026926573000540029	6.2100150753354221e-06	0.0038447914879263657	0.18217570909108671	0.35771364169133407	0.17411765377070509	0.13522808185316484	4.9742364857743651	0.065120970127010874	0.056969381318951469	1.3460492304816514	0.83256886804571972	0.44523573453054627	38.343761997356822	3.5868918346209289	0.43427568921103121	0.031420318475998993	0.021187029594824481	0.010405404657073496	1.63597610753234	0.19829537656558016	0.013754044651644133
6	30	125.09	185	0.083683976148155481	-0.37635150291882452	-0.92268983867103305	0.99649051127072785	0.033381371179113217	0.07676161153601313	0.0019113041198243197	-0.9258753859504768	0.37782418743063184	1.3520000000000001	1.175	-0.20043940993806625	246.21965079413738	120	890	0.12820227298516879	1.0237545376188608	0.0036258542902708052	0.01460726381280647	0.0052576367925325999	-0.1088005577139675	-9959.6088760996427	27905.619309797086	-2248.044960330406	-0.00094011711069924792	2.7180817478046597	0.00032599505499572752	1.1291456904897202e-05	7.2519297094879757e-07	1.7904764386184105e-07	0	0.86923129897173101	0.044211764573706	0.00010802874601720017	0.017204578069405955	0.00024806600937283001	0.00037710034489337471	0.068618259044258625	0	0.094492032569947051	0.18974048313357386	0.023938160435193749	0.0014009936191521021	0.53373711981018135	0.026100792341193998	0.0020909787664872316	0.070718950615528284	0.00020322546999113381	0.00022306272405647168	0.0573542005146946	0	0.98346124529122569	0.01645780302623814	0	6.9371082917647924e-05	1.1027288895782561e-05	2.1544317637004493e-08	3.5556223468590117e-07	1.7413640195323174e-08	7.2003377365778167e-09	1.1015139844483502e-07	1.4578861558875219e-10	1.4821842584856473e-10	4.1144787066158955e-08	0	-3.5760649347681897	2.4631034795020295	-26.347658831926736	10.556434928796161	3.4277588253165501	-196.71399599877179	188.6911974468432	0.10561747169917837	21.091131058244066	-672.88929185440395	1	1	0.33631124985102717	1	377	1	0.71287818583797313	1	801	1	2.5816243026683289e-09	1	377	1	2.1060000000001864e-25	89.467142282397973	3.6994804038979794	3.072321742030069	0.0070048718323401527	0.0070048718323401536	0.0070048718323401527	0.0070048718323401527	0.0070048718323401519	0.0070048718323401527	0.89905345285141813	0.89905345285141824	0.8990534528514178	0.8990534528514178	0.89905345285141758	0.8990534528514178	2.9587665395699536e-10	2.9587665395699536e-10	2.9587665395699546e-10	2.9587665395699536e-10	2.9587665395699541e-10	2.9587665395699541e-10	6.2100150753354399e-06	0.004479955518574762	0.035902240579514834	0.35771364169133502	0.17411765377070557	0.13522808185316521	4.9742364857743784	0.065120970127011041	0.056969381318951622	1.461590867724873	0.90403458263724068	0.48345370201784238	41.635098553935627	3.8947820260057933	0.47155287269741558	1.4621466462425813e-06	9.8593985575220952e-07	4.8421620976753064e-07	7.6130258857452581e-05	9.2276887655434347e-06	6.4004539849059497e-07
7	30	125.09	185	0.08368397614815537	-0.37635150291882474	-0.92268983867103316	0.99641260054790459	0.043316761732537623	0.072702046892565597	0.012606411281454954	-0.92546377800740998	0.37862629859909924	1.3520000000000005	1.1750000000000003	-0.18970631967826501	246.21965079413738	120	890	0.12822606302021208	1.0232629914354801	0.0036329695726671895	0.0083843588354942326	0.0056010639754411687	-0.10890263118583907	-10052.260545908443	28141.752831333568	-2263.3560312812788	-0.00093513074716006792	2.7190405454618825	0.00032099283518373129	1.107960704153687e-05	7.2519297094879768e-07	1.7904764386184107e-07	0	0.86923129897173124	0.044211764573706007	0.00010802874601720019	0.017204578069405958	0.00024806600937283011	0.00037710034489337477	0.068618259044258639	0	0.10417179224929754	0.18771218261691527	0.023682264685500849	0.001386017183788221	0.52803154102176475	0.025821778344199096	0.0020686264817120184	0.069962974443748174	0.00020105301675936348	0.0002206782132184103	0.0567410917430963	0	0.96010588015620346	0.036441390218257361	0	0.0029587969717402665	0.00047033299206355778	9.1890250377456026e-07	1.5165345832971128e-05	7.4272194853958815e-07	3.0710688941939253e-07	4.6981481395992557e-06	6.2181372435872498e-09	6.3217728643137044e-09	1.7548965109679572e-06	0	-3.576064934768179	2.5999197610005602	-26.29155668814202	10.498044709806839	5.1512796356745705	-196.58821995748167	188.66060645502273	2.5297971543072206	27.039117351407292	-671.94342986366496	1	1	0.33631124985102634	1	377	1	0.70514733591076806	1	801	1	4.7903222028291406e-06	1	377	1	2.1060000000002627e-25	90.71311511616787	4.945453237667877	3.0707877693528216	0.0070048718323401362	0.0070048718323401371	0.0070048718323401362	0.0070048718323401354	0.0070048718323401354	0.0070048718323401362	0.88930361415722403	0.88930361415722414	0.88930361415722414	0.88930361415722392	0.88930361415722392	0.88930361415722403	5.4899797407276512e-07	5.4899797407276502e-07	5.4899797407276512e-07	5.4899797407276502e-07	5.4899797407276502e-07	5.4899797407276502e-07	6.2100150753354221e-06	0.0045276550442524006	0.036619146103269121	0.35771364169133407	0.17411765377070509	0.13522808185316484	4.9742364857743651	0.065120970127010874	0.056969381318951469	1.4613623273663283	0.90389322407225836	0.48337810720889907	41.628588318710655	3.8941730218717825	0.47147913875108433	6.3608372560227194e-05	4.2891750856745777e-05	2.1065058795398162e-05	0.0033119262564775382	0.00040143597523331387	2.784416068475143e-05
8	30	125.09	185	0.083683976148155481	-0.37635150291882452	-0.92268983867103305	0.99540341594748849	-0.011704452027557988	0.095052855416373649	-0.046572863945718357	-0.92640301815866111	0.37364209651806757	1.3520000000000001	1.175	-0.24911127508365938	246.21965079413738	120	890	0.12853404939081634	1.0243849607713864	0.0035890006798132137	0.042847822345705416	0.0037211752521061668	-0.1081613129262341	-9574.5389558977149	26787.338863844081	-2176.8824662945922	-0.00087057716385735529	2.7314713796495815	0.00025623397618841008	8.3369935728678597e-06	7.2519297094879757e-07	1.7904764386184105e-07	0	0.86923129897173101	0.044211764573706	0.00010802874601720017	0.017204578069405955	0.00024806600937283001	0.00037710034489337471	0.068618259044258625	0	0.055105782920778057	0.19799349283205583	0.024979381934015336	0.0014619316632395833	0.55695271172544103	0.027236080334417316	0.0021819286141641268	0.073794963576270814	0.00021206502677477841	0.00023276512806959883	0.059848896244773617	0	0.93009471136617861	0.02518518674252522	0	0.038322636407193217	0.0060918002881953943	1.1901717786705656e-05	0.00019642308678059336	9.6198094892545705e-06	3.9776793655568908e-06	6.0850887932028924e-05	8.0537939910038269e-08	8.1880238908538914e-08	2.2729596374610799e-05	0	-3.576064934768171	1.839349050111927	-26.563891052670414	10.52652726204553	-4.3960397649276652	-196.64957308696842	188.08071548452938	-12.100319762928295	-5.0483215061126314	-674.29744512685795	1	1	0.33631124985102717	1	377	1	0.74226359179078016	1	801	1	0.00084687606187714792	1	377	1	2.1060000000001607e-25	86.136413888357964	0.36875200985797107	3.0749038932819581	0.0070048718323401527	0.0070048718323401536	0.0070048718323401527	0.0070048718323401527	0.0070048718323401519	0.0070048718323401527	0.93611315142286022	0.93611315142286022	0.93611315142286022	0.93611315142286022	0.93611315142285978	0.93611315142286011	9.704963399025969e-05	9.704963399025969e-05	9.7049633990259676e-05	9.7049633990259663e-05	9.7049633990259663e-05	9.7049633990259663e-05	6.2100150753354399e-06	0.0042838544351037483	0.038587882435789547	0.35771364169133502	0.17411765377070557	0.13522808185316521	4.9742364857743784	0.065120970127011041	0.056969381318951622	1.458403638342249	0.90206319266189505	0.4823994549790605	41.54430665560767	3.8862888395838473	0.47052457729374941	0.00086815492035658369	0.00058540539633733339	0.00028750514601690236	0.045202619713257224	0.0054789739633247479	0.00038002929691021727
9	30	125.09	185	0.083683976148155592	-0.37635150291882458	-0.92268983867103294	0.99644280283975573	0.040836788675135738	0.073716330345139858	0.0099364382394500073	-0.92557652462745854	0.37843013127084557	1.3519999999999999	1.1749999999999998	-0.19238586325171489	246.21965079413738	120	890	0.12821684097278538	1.0233976128033129	0.0036312280384924516	0.0099372909735156827	0.0055151965203031712	-0.10887847365575623	-10028.874773217809	28083.174124470243	-2259.5476769788397	-0.00093706367752196379	2.7186688500341951	0.00032293191212334581	1.116172921931438e-05	7.2519297094879768e-07	1.7904764386184107e-07	0	0.86923129897173113	0.044211764573706007	0.00010802874601720017	0.017204578069405955	0.00024806600937283006	0.00037710034489337471	0.068618259044258625	0	0.10172568185298787	0.18822474151765148	0.023746930470027558	0.0013898017833502737	0.52947336148566337	0.025892286193709146	0.0020742749851853596	0.070154012365598484	0.00020160200357430123	0.00022128078775995985	0.056896026554491927	0	0.96704377176545087	0.030798006120525332	0	0.0018494761385548632	0.0002939943680843486	5.7438488366093818e-07	9.4795099220733774e-06	4.6425845859812667e-07	1.9196547427615565e-07	2.9367046683416395e-06	3.8868150022168747e-09	3.9515952522538228e-09	1.0969455672923179e-06	0	-3.576064934768147	2.5657906629261347	-26.305846671594768	10.514819136342945	4.7211895851454351	-196.62435308047961	188.67346369130684	1.9339689199169312	25.548747588061705	-672.20148609121293	1	1	0.33631124985102806	1	377	1	0.70711564608749755	1	801	1	1.8602580805174878e-06	1	377	1	2.106000000000186e-25	90.381201074052754	4.6135391955527609	3.0712033036132724	0.0070048718323401701	0.0070048718323401718	0.0070048718323401701	0.0070048718323401709	0.0070048718323401701	0.0070048718323401709	0.89178596821970824	0.89178596821970835	0.89178596821970813	0.8917859682197079	0.89178596821970813	0.89178596821970824	2.131978595796946e-07	2.1319785957969457e-07	2.131978595796946e-07	2.1319785957969452e-07	2.1319785957969454e-07	2.131978595796946e-07	6.210015075335456e-06	0.0045155994204967263	0.036395959869598857	0.35771364169133596	0.17411765377070604	0.13522808185316557	4.9742364857743917	0.065120970127011221	0.056969381318951774	1.4614509195025545	0.90394802077129832	0.48340741102925944	41.631111967704591	3.8944090982372268	0.47150772122054163	3.9517805155783342e-05	2.6647244457361239e-05	1.3087033287692898e-05	0.0020575916538326669	0.00024939906514305737	1.7298667964260204e-05
10	30	125.09	185	0.083683976148155481	-0.37635150291882452	-0.92268983867103294	0.99634245453483694	0.04766009894455725	0.070924102109870157	0.017283096583981195	-0.92525026950514144	0.37896336676931164	1.3520000000000001	1.1749999999999998	-0.18501264023709549	246.21965079413738	120	890	0.12824748051028081	1.0230081036122944	0.003635964103966458	0.0056653522231573444	0.0057516725683955912	-0.10894281848969482	-10093.630647950935	28243.758084409412	-2270.0039073735229	-0.0009306416662745548	2.7199038962584012	0.00031648947934797102	1.0888884651408082e-05	7.2519297094879757e-07	1.7904764386184105e-07	0	0.86923129897173101	0.044211764573706	0.00010802874601720017	0.017204578069405955	0.00024806600937283001	0.00037710034489337471	0.068618259044258625	0	0.10850216634876585	0.18680479438474529	0.023567786189821038	0.0013793172687128021	0.52547907159832008	0.025696957581494286	0.002058626878595734	0.069624778068782867	0.00020008113982039017	0.00021961146938229316	0.056466809071559543	0	0.94631320281967313	0.047277935428671938	0	0.0054920375469993642	0.00087301916173259005	1.7056415499145718e-06	2.8149497759868314e-05	1.3786200497429809e-06	5.700433601030279e-07	8.7205733379090918e-06	1.1541935300173795e-08	1.1734300888510024e-08	3.2573906291601601e-06	0	-3.576064934768163	2.659657584604433	-26.266070454838246	10.465140016379818	5.9042920103844772	-196.51734127007882	188.62988010808175	3.5583303289374184	29.658131278027493	-671.45608676144093	1	1	0.33631124985102717	1	377	1	0.70163990117874564	1	801	1	1.6712858114829423e-05	1	377	1	2.1060000000001607e-25	91.329456356103378	5.5617944776033852	3.0700076998458079	0.0070048718323401527	0.0070048718323401536	0.0070048718323401527	0.0070048718323401527	0.0070048718323401519	0.0070048718323401527	0.88488017777058681	0.88488017777058692	0.8848801777705867	0.88488017777058658	0.88488017777058658	0.88488017777058681	1.9153548435423058e-06	1.9153548435423049e-06	1.9153548435423058e-06	1.9153548435423053e-06	1.9153548435423053e-06	1.9153548435423049e-06	6.2100150753354399e-06	0.0045490071847029915	0.037080881623057706	0.35771364169133502	0.17411765377070557	0.13522808185316521	4.9742364857743784	0.065120970127011041	0.056969381318951622	1.4611565789993932	0.90376596298768419	0.48331005135833555	41.622727339606435	3.8936247528184418	0.47141275818205952	0.00011955684736937176	8.0618357366864853e-05	3.9593404419263532e-05	0.0062250211097506754	0.00075452990994386774	5.2335249828363142e-05
11	30	125.09	185	0.083683976148155592	-0.37635150291882441	-0.92268983867103294	0.99409383431007003	-0.032675652255575116	0.10348792362577974	-0.06909732789867834	-0.9259005605357491	0.3713942800809511	1.3519999999999999	1.1749999999999998	-0.27175368046965748	246.21965079413738	120	890	0.12893324667958558	1.0237846084447524	0.0035693618596992988	0.055946105045557804	0.003020857904762351	-0.10776662927184401	-9415.6868888368899	26242.63356826489	-2142.9402189897928	-0.000786905878715046	2.7476339635161215	0.00017229662245420581	4.7821484065405688e-06	7.2519297094879768e-07	1.7904764386184107e-07	0	0.86923129897173113	0.044211764573706007	0.00010802874601720017	0.017204578069405955	0.00024806600937283006	0.00037710034489337471	0.068618259044258625	0	0.039749471099693408	0.20121126023873243	0.025385343967799848	0.0014856908079946638	0.5660042429511184	0.027678717970291804	0.002217389066312964	0.074994270811958738	0.00021551148312792072	0.00023654800008119856	0.060821553602888677	0	0.83686774304256184	0.075087394962235571	0	0.0754495426232549	0.01199352624419866	2.3432082122341854e-05	0.00038671744555293511	1.8939464873321423e-05	7.8312484987826729e-06	0.00011980312664054484	1.5856296173013285e-07	1.612056777589684e-07	4.4749991421615277e-05	0	-3.576064934768139	1.5476003255974793	-26.643066478392534	10.34814550754162	-8.0260199435769728	-196.26532806599985	187.33967495027412	-18.417465189264938	-16.661641892271241	-673.39455945686802	1	1	0.33631124985102806	1	377	1	0.75234325129786395	1	801	1	0.0036707235741955031	1	377	1	2.1060000000001864e-25	85.500628794458549	-0.26703308404144366	3.0736599752340252	0.0070048718323401701	0.0070048718323401718	0.0070048718323401701	0.0070048718323401709	0.0070048718323401701	0.0070048718323401709	0.94882521480681448	0.94882521480681448	0.94882521480681414	0.94882521480681403	0.94882521480681414	0.94882521480681414	0.00042058303422344979	0.00042058303422344974	0.00042058303422344985	0.00042058303422344974	0.00042058303422344979	0.00042058303422344979	6.210015075335456e-06	0.004204262730444103	0.043142601480798654	0.35771364169133596	0.17411765377070604	0.13522808185316557	4.9742364857743917	0.065120970127011221	0.056969381318951774	1.4545687263154374	0.89969119296610744	0.48113097249383474	41.435064771501949	3.8760697373965236	0.46928732012232233	0.001910969899275673	0.0012885857869868443	0.00063285211779885188	0.099499344661848912	0.012060237265634852	0.00083651492401844033
12	30	125.09	185	0.08368397614815537	-0.37635150291882452	-0.92268983867103316	0.97992714614474186	-0.13705012527991389	0.14477586611511578	-0.18094137278316685	-0.9162842405124636	0.35732815478750213	1.3520000000000005	1.1750000000000003	-0.38494862430544374	246.21965079413738	120	890	0.13321805857938748	1.0123574908789992	0.0034491593062613815	0.11996396841269355	-0.00028483164855431565	-0.10490346636223688	-8827.1600930142358	23332.715189447252	-1968.1402951680584	0.00011118568737498698	2.9246941524057171	-0.0007286508093959299	-3.3374029751776634e-05	7.2519297094879768e-07	1.7904764386184107e-07	0	0.86923129897173124	0.044211764573706007	0.00010802874601720019	0.017204578069405958	0.00024806600937283011	0.00037710034489337477	0.068618259044258639	0	0.00011434019615035649	0.20951642060970574	0.02643314493318694	0.0015470139188754205	0.58936653392222527	0.028821179835166917	0.0023089136250216669	0.078089721062896661	0.00022440689696827967	0.00024631171347266808	0.063332013286329911	0	0.381127504670904	0.34780045426005973	0	0.23229364045939863	0.036925603209045088	7.2142566680910721e-05	0.001190623562891722	5.83107211894579e-05	2.4110805180199107e-05	0.00036884921310540819	4.8818278205127551e-07	4.9631916175213007e-07	0.00013777602960113775	0	-3.576064934768179	0.080181858410177664	-26.833493235961992	7.9112874778891102	-25.779118448021411	-191.01618940097919	178.5541645171607	-55.081095790382264	-67.933683825899919	-655.43142330797184	1	1	0.33631124985102634	1	377	1	0.76122778464374996	1	801	1	0.07765090543680378	1	377	1	2.1060000000001607e-25	85.153303243288264	-0.61435863521172962	3.0443899403942671	0.0070048718323401362	0.0070048718323401371	0.0070048718323401362	0.0070048718323401354	0.0070048718323401354	0.0070048718323401362	0.96003003288131128	0.96003003288131128	0.96003003288131117	0.96003003288131128	0.96003003288131106	0.96003003288131117	0.0088794428177386715	0.0088794428177386697	0.0088794428177386732	0.0088794428177386697	0.0088794428177386697	0.0088794428177386715	6.2100150753354221e-06	0.0039233484390274022	0.096090151188923778	0.35771364169133407	0.17411765377070509	0.13522808185316484	4.9742364857743651	0.065120970127010874	0.056969381318951469	1.4134064310057006	0.87423116904118137	0.46751562739933472	40.262509400658118	3.7663822923928074	0.4560071341080652	0.013104097098958946	0.0088362214807330818	0.0043396578899862794	0.68229702321625096	0.082700685251643466	0.0057362351930403599
13	30	125.09	185	0.083683976148155814	-0.37635150291882447	-0.92268983867103271	0.98758613758621783	-0.092195980326612581	0.12717516290200054	-0.13293085790579434	-0.92187821726210473	0.36396420092376225	1.3519999999999992	1.1749999999999992	-0.33615506386143457	246.21965079413738	120	890	0.13090918092651899	1.0189903250838728	0.0035052896624241403	0.092771677477106018	0.0010947644330742406	-0.10631530561030672	-9037.7909587402755	24620.615617031599	-2044.2543044429449	-0.00037275237003912712	2.8284716719856311	-0.00024317386421095498	-1.2813512947602624e-05	7.2519297094879768e-07	1.7904764386184107e-07	0	0.86923129897173113	0.044211764573706	0.00010802874601720018	0.017204578069405955	0.00024806600937283006	0.00037710034489337471	0.068618259044258625	0	0.008847323454771969	0.20768650798354626	0.026202278323679291	0.0015335023273029963	0.58421901728022818	0.028569456172039671	0.0022887476152032315	0.077407686852258545	0.0002224469311910651	0.00024416043142449752	0.062778872628354285	0	0.54258459532215431	0.24850798598830945	0	0.17902202165515538	0.028457499414301694	5.5598199369843929e-05	0.0009175793053895296	4.4938394227505426e-05	1.8581503473605733e-05	0.00028426147046235994	3.7622841678841758e-07	3.8249889040155787e-07	0.00010618001984917562	0	-3.576064934768147	0.71395146879213778	-26.793481933078457	9.2742000447860011	-18.235871469182676	-193.95198498893981	183.44251656929458	-38.345762133127955	-47.358756760502658	-665.77115801601917	1	1	0.33631124985102984	1	377	1	0.76642072977838838	1	801	1	0.03226436538482666	1	377	1	2.1060000000001607e-25	85.042622055643051	-0.72503982285694235	3.0616766234168429	0.0070048718323402082	0.00700487183234021	0.0070048718323402082	0.0070048718323402082	0.0070048718323402074	0.00700487183234021	0.96657916756731233	0.96657916756731233	0.9665791675673121	0.96657916756731188	0.96657916756731188	0.9665791675673121	0.0036934370813830998	0.003693437081383099	0.0036934370813831003	0.0036934370813830998	0.0036934370813830985	0.0036934370813830994	6.210015075335489e-06	0.0040200277871600461	0.067295433181216419	0.3577136416913379	0.17411765377070695	0.13522808185316629	4.9742364857744183	0.065120970127011568	0.05696938131895208	1.4355867987800284	0.88795034310445242	0.47485227758606435	40.894342712318156	3.8254875452000596	0.46316318329558537	0.007072662846674088	0.0047691660783503592	0.0023422397509722682	0.36825557457760894	0.044635968396499047	0.0030960131952032033
14	30	125.09	185	0.083683976148155592	-0.37635150291882441	-0.92268983867103316	0.96997346935495088	-0.1814274183159319	0.16197395046962337	-0.22836037502937123	-0.90853928816202445	0.34986840523615015	1.3519999999999999	1.1750000000000003	-0.43357639266465881	246.21965079413738	120	890	0.13619183061886575	1.0032408632772667	0.0033872948132503463	0.14617098276545756	-0.0015768758719452533	-0.10324315258460431	-8684.4187840591367	22012.038810484322	-1891.9271697325485	0.00073448483109074298	3.0514266787171866	-0.0013539319989855012	-5.9855419925715764e-05	7.2519297094879768e-07	1.7904764386184107e-07	0	0.86923129897173113	0.044211764573706007	0.00010802874601720017	0.017204578069405955	0.00024806600937283006	0.00037710034489337471	0.068618259044258625	0	0.005493651228012977	0.20838923773465259	0.026290936564908308	0.0015386910982022209	0.58619578548048812	0.028666124015415472	0.0022964918401776548	0.077669604128655298	0.00022319960442972655	0.00024498657463847335	0.062991291730419174	0	0.27489993258113071	0.41312391185835368	0	0.26734618821578582	0.042497587303653515	8.3028705271919484e-05	0.0013702857749764155	6.7109667794972502e-05	2.774906728824677e-05	0.0004245076660519192	5.6184838153930473e-07	5.7121252123162648e-07	0.00015856609878998153	0	-3.576064934768155	-0.55162590167067771	-26.809820924357901	6.0957736217449785	-33.052756527613852	-187.10546343204479	171.87762497664278	-72.825711387441331	-85.802151217678059	-641.69950367698209	1	1	0.33631124985102806	1	377	1	0.74182930474825626	1	801	1	0.14254429698502158	1	377	1	2.106000000000135e-25	86.169598603651167	0.40193672515117385	3.0203093259653793	0.0070048718323401701	0.0070048718323401718	0.0070048718323401701	0.0070048718323401709	0.0070048718323401701	0.0070048718323401709	0.93556544597631075	0.93556544597631075	0.93556544597631064	0.93556544597631064	0.93556544597631042	0.93556544597631053	0.016277515748439528	0.016277515748439528	0.016277515748439528	0.016277515748439525	0.016277515748439528	0.016277515748439528	6.210015075335456e-06	0.0038648424437383957	0.13298661562261832	0.35771364169133596	0.17411765377070604	0.13522808185316557	4.9742364857743917	0.065120970127011221	0.056969381318951774	1.3848387165446499	0.85656124348951379	0.4580662201682385	39.448725165061468	3.6902563235844763	0.44679033608477348	0.020872421468642918	0.014074478962063642	0.0069122784901152253	1.0867739248132877	0.13172701219186012	0.009136769797127995
