[DEFAULT]
bfb       = apply
uni       = apply
stu       = apply
Higgs      = apply

[scan]
; min and max for each parameter
mHa	  = 125.09 125.09
mHb	  = 393.14285714285717 393.14285714285717
mHc	  = 423.57142857142856 423.57142857142856
t1        = -0.129 -0.129
t2        = 0.226 0.226
t3        = -1.5707963267948966 1.5707963267948966
vs        = 140 140
vx        = 100 100
bfb = 1
uni = 0
stu = 1
Higgs = 1



