[DEFAULT]
bfb       = apply
uni       = apply
stu       = apply
Higgs      = apply

[scan]
; min and max for each parameter
mHa	  = 31.75 31.75
mHb	  = 125.09 125.09
mHc	  = 188.0 188.0
t1        = 1.352 1.352
t2        = 1.175 1.175
t3        = -1.5707963267948966 1.5707963267948966
vs        = 120 120
vx        = 890 890
bfb = 1
uni = 0
stu = 1
Higgs = 1



