=====================================================================
Starting ScannerS scan of the TRSM broken phase using the settings:
BFB=1
Uni=1
STU=1
Higgs=1
scan.npoints=100
scan.seed=862635028
scan.mHa=30.0 30.0
scan.mHb=125.09 125.09
scan.mHc=185.0 185.0
scan.t1=-1.5707963267948966 1.5707963267948966
scan.t2=1.175 1.175
scan.t3=-0.407 -0.407
scan.vs=120 120
scan.vx=890 890
=====================================================================
